吁,0,1,0,0,0,0,0,0,0,0,0,0,0,0,0,0,0,0,0,0
阅兵,0,0,0,0,0,0,0,0,0,0,0,0,0,0,2,0,0,0,0,0
揭幕,1,0,0,0,0,0,0,0,0,0,0,0,0,0,0,0,0,0,0,0
强调,0,0,0,0,0,0,0,0,0,1,0,0,0,0,0,0,0,0,0,0
生效,1,0,0,0,0,0,0,0,0,0,0,0,0,0,0,0,0,0,0,0
谈,6,0,0,0,0,0,0,0,0,0,0,0,0,0,0,0,0,0,0,0
拦截,0,0,0,0,0,0,0,0,0,0,0,0,0,0,0,0,2,0,0,0
建设,0,0,0,0,0,0,0,0,0,0,0,0,0,0,5,0,0,0,0,0
辩护,0,0,0,0,1,0,0,0,0,0,0,0,0,0,0,0,0,0,0,0
护航,0,0,0,0,1,0,0,0,0,0,0,0,0,0,0,0,0,0,0,0
对峙,0,0,0,0,0,0,0,0,0,0,0,0,0,0,1,0,0,0,0,0
推动,1,0,0,0,0,0,0,0,0,0,0,0,0,0,0,0,0,0,0,0
叫嚣,0,0,0,0,0,0,0,0,0,0,0,0,1,0,0,0,0,0,0,0
掩护,0,0,0,0,0,0,1,0,0,0,0,0,0,0,0,0,0,0,0,0
被捕,0,0,0,0,0,0,0,0,0,0,0,0,0,0,0,0,8,0,0,0
捐赠,0,0,0,0,0,0,1,0,0,0,0,0,0,0,0,0,0,0,0,0
网络战,0,0,0,0,0,0,0,0,0,0,0,0,0,0,0,0,0,0,1,0
打造,0,0,0,0,0,0,0,0,0,0,0,0,0,0,3,0,0,0,0,0
减少,0,0,0,0,0,0,0,0,0,0,0,0,0,0,0,1,0,0,0,0
举办,2,0,0,0,0,0,0,0,0,0,0,0,0,0,0,0,0,0,0,0
攻击,0,0,0,0,0,0,0,0,0,0,0,0,1,0,0,0,0,4,4,0
否认,0,0,0,0,0,0,0,0,0,0,5,0,0,0,0,0,0,0,0,0
摧毁,0,0,0,0,0,0,0,0,0,0,0,0,0,0,0,0,0,3,0,0
损害,0,0,0,0,0,0,0,0,0,0,0,0,1,0,0,0,0,0,0,0
请愿,0,3,0,0,0,0,0,0,0,0,0,0,0,0,0,0,0,0,0,0
:,17,0,0,0,0,0,0,0,0,0,0,0,0,0,0,0,0,0,0,0
逼,0,0,0,0,0,0,0,0,0,0,0,0,0,0,0,0,4,0,0,0
回答,1,0,0,0,0,0,0,0,0,0,0,0,0,0,0,0,0,0,0,0
发出,0,0,0,0,0,0,0,0,0,0,0,0,1,0,0,0,0,0,0,0
抢劫,0,0,0,0,0,0,0,0,0,0,0,0,0,0,0,0,0,3,0,0
发言,1,0,0,0,0,0,0,0,0,0,0,0,0,0,0,0,0,0,0,0
外交,0,0,0,1,0,0,0,0,0,0,0,0,0,0,0,0,0,0,0,0
期待,1,0,0,0,0,0,0,0,0,0,0,0,0,0,0,0,0,0,0,0
被控,0,0,0,0,0,0,0,0,1,0,0,0,0,0,0,0,0,0,0,0
反驳,0,0,0,0,0,0,0,0,0,0,1,0,0,0,0,0,0,0,0,0
打破,0,0,0,0,0,0,0,0,0,0,0,0,0,0,1,0,0,0,0,0
废弃,0,0,0,0,0,0,0,0,0,0,0,0,0,0,0,1,0,0,0,0
探访,0,0,0,0,0,0,0,0,3,0,0,0,0,0,0,0,0,0,0,0
拆除,0,0,0,0,0,0,0,0,0,0,0,0,0,0,0,0,1,0,0,0
调查,0,0,0,0,0,0,0,0,5,0,0,0,0,0,0,0,0,0,0,0
采购,0,0,1,0,0,0,0,0,0,0,0,0,0,0,0,0,0,0,0,0
阻挠,0,0,0,0,0,0,0,0,0,0,0,1,0,0,0,0,0,0,0,0
合作,0,0,5,0,1,6,0,0,0,0,0,0,0,0,0,0,0,0,0,0
抨击,0,0,0,0,0,0,0,0,0,0,3,0,0,0,0,0,0,0,0,0
巡航,0,0,0,0,0,0,0,0,0,0,0,0,0,0,12,0,0,0,0,0
遣,0,0,0,0,0,0,0,1,0,0,0,0,0,0,0,0,0,0,0,0
赞成,0,0,0,0,2,0,0,0,0,0,0,0,0,0,0,0,0,0,0,0
被讽,0,0,0,0,0,0,0,0,0,0,1,0,0,0,0,0,0,0,0,0
收回,0,0,0,0,0,0,0,0,0,0,0,0,0,0,0,1,0,0,0,0
部属,0,0,0,0,0,0,0,0,0,0,0,0,0,0,1,0,0,0,0,0
批评,0,0,0,0,0,0,0,0,0,0,1,0,0,0,0,0,0,0,0,0
获救,1,0,0,0,0,0,0,0,0,0,0,0,0,0,0,0,0,0,0,0
增派,0,0,0,0,0,0,4,0,0,0,0,0,0,0,0,0,0,0,0,0
热议,0,0,0,1,0,0,0,0,0,0,0,0,0,0,0,0,0,0,0,0
派出,0,0,0,0,0,0,0,0,0,0,0,0,0,0,1,0,0,0,0,0
取消,0,0,0,1,0,0,0,1,0,0,0,0,0,0,0,7,0,0,0,0
命,0,0,0,0,0,0,0,0,0,1,0,0,0,0,0,0,0,0,0,0
辞职,0,0,0,0,0,0,0,0,0,0,0,0,0,0,0,2,0,0,0,0
杀害,0,0,0,0,0,0,0,0,0,0,0,0,0,0,0,0,0,2,0,0
不同意,0,0,0,0,0,0,0,0,0,0,3,1,0,0,0,0,0,0,0,0
布防,0,0,0,0,0,0,0,0,0,0,0,0,0,0,2,0,0,0,0,0
加强军力,0,0,0,0,0,0,0,0,0,0,0,0,0,0,1,0,0,0,0,0
谋杀,0,0,0,0,0,0,0,0,0,0,0,0,0,0,0,0,0,1,0,0
助战,0,0,0,0,0,0,1,0,0,0,0,0,0,0,0,0,0,0,0,0
包围,0,0,0,0,0,0,0,0,0,0,0,0,0,1,0,0,0,0,0,0
表态,3,0,0,0,0,0,0,0,0,0,0,0,0,0,0,0,0,0,0,0
武力行动,0,0,0,0,0,0,0,0,0,0,0,0,0,0,1,0,0,0,0,0
搜索,0,0,0,0,0,0,0,0,1,0,0,0,0,0,0,0,0,0,0,0
作恶,0,0,0,0,0,0,0,0,0,0,0,0,0,0,0,0,1,0,0,0
阻止,0,0,0,0,0,0,0,0,0,0,0,0,0,0,0,0,4,0,0,0
出卖,0,0,0,0,0,0,0,0,0,0,0,0,0,0,0,1,0,0,0,0
增兵,0,0,0,0,0,0,1,0,0,0,0,0,0,0,0,0,0,0,0,0
催促,0,1,0,0,0,0,0,0,0,0,0,0,0,0,0,0,0,0,0,0
失去,0,0,0,0,0,0,0,0,0,0,0,0,0,0,0,1,0,0,0,0
释放,0,0,0,0,0,0,0,2,0,0,0,0,0,0,0,0,0,0,0,0
训练,0,0,0,0,0,0,0,0,0,0,0,0,0,0,2,0,0,0,0,0
支援,0,0,0,0,0,0,3,0,0,0,0,0,0,0,0,0,0,0,0,0
研制,0,0,0,0,0,0,0,0,0,0,0,0,0,0,6,0,0,0,0,0
袭,0,0,0,0,0,0,0,0,0,0,0,0,0,0,0,0,0,1,0,0
离任,0,0,0,0,0,0,0,0,0,0,0,0,0,0,0,1,0,0,0,0
强硬言论,0,0,0,0,0,0,0,0,0,0,0,0,1,0,0,0,0,0,0,0
扣押,0,0,0,0,0,0,0,0,0,0,0,0,0,0,0,0,2,0,0,0
没收,0,0,0,0,0,0,0,0,0,0,0,0,0,0,0,0,1,0,0,0
组建,0,0,0,0,0,0,0,0,0,0,0,0,0,0,5,0,0,0,0,0
砍伤,0,0,0,0,0,0,0,0,0,0,0,0,0,0,0,0,0,1,0,0
炫耀,1,0,0,0,0,0,0,0,0,0,0,0,0,0,0,0,0,0,0,0
交付,0,0,0,0,0,0,2,0,0,0,0,0,0,0,0,0,0,0,0,0
揭开,1,0,0,0,0,0,0,0,0,0,0,0,0,0,0,0,0,0,0,0
修建,0,0,0,0,0,0,0,0,0,0,0,0,0,0,1,0,0,0,0,0
让步,0,0,0,0,0,0,0,1,0,0,0,0,0,0,0,0,0,0,0,0
充公,0,0,0,0,0,0,0,0,0,0,0,0,0,0,0,0,1,0,0,0
救援,0,0,0,0,0,0,2,0,0,0,0,0,0,0,0,0,0,0,0,0
进攻,0,0,0,0,0,0,0,0,0,0,0,0,0,0,1,0,0,0,3,0
军演,0,0,0,0,0,0,0,0,0,0,0,0,0,0,16,0,0,0,0,0
开进,0,0,0,0,0,0,0,0,0,0,0,0,0,0,3,0,0,0,0,0
搅局,0,0,0,0,0,0,0,0,0,0,0,0,0,0,0,0,1,0,0,0
枪杀,0,0,0,0,0,0,0,0,0,0,0,0,0,0,0,0,0,1,0,0
不愿,0,0,0,0,0,0,0,0,0,0,0,1,0,0,0,0,0,0,0,0
失信,0,0,0,0,0,0,0,0,0,0,0,0,0,0,0,1,0,0,0,0
转隶,0,0,0,0,0,0,0,0,0,0,0,0,0,0,2,0,0,0,0,0
接受,0,0,0,0,0,0,0,4,0,0,0,0,0,0,0,0,0,0,0,0
被逼,0,0,0,0,0,0,0,0,0,0,0,0,0,0,0,0,1,0,0,0
就任,1,0,0,0,0,0,0,0,0,0,0,0,0,0,0,0,0,0,0,0
欢迎,1,0,0,0,4,0,0,0,0,0,0,0,0,0,0,0,0,0,0,0
新增,0,0,0,0,0,0,1,0,0,0,0,0,0,0,1,0,0,0,0,0
获释,0,0,0,0,0,0,0,2,0,0,0,0,0,0,0,0,0,0,0,0
辱骂,0,0,0,0,0,0,0,0,0,0,0,0,1,0,0,0,0,0,0,0
试航,0,0,0,0,0,0,0,0,0,0,0,0,0,0,1,0,0,0,0,0
能打,0,0,0,0,0,0,0,0,0,0,0,0,0,0,1,0,0,0,0,0
恢复,0,0,0,0,1,0,0,1,0,0,0,0,0,0,0,0,0,0,0,0
重用,0,0,0,0,0,0,0,1,0,0,0,0,0,0,0,0,0,0,0,0
裁军,0,0,0,0,0,0,0,0,0,0,0,0,0,0,4,0,0,0,0,0
研究,0,0,0,0,0,0,0,0,2,0,0,0,0,0,1,0,0,0,0,0
夺回,0,0,0,0,0,0,0,0,0,0,0,0,0,0,0,0,0,0,1,0
解除,0,0,0,0,0,0,0,2,0,0,0,0,0,0,0,0,0,0,0,0
侦查,0,0,0,0,0,0,0,0,1,0,0,0,0,0,0,0,0,0,0,0
逮捕,0,0,0,0,0,0,0,0,0,0,0,0,0,0,0,0,6,0,0,0
和谈,0,0,0,0,0,0,0,2,0,0,0,0,0,0,0,0,0,0,0,0
确认,2,0,0,0,0,0,0,0,0,0,0,0,0,0,0,0,0,0,0,0
赞誉,0,0,0,0,1,0,0,0,0,0,0,0,0,0,0,0,0,0,0,0
首访,0,0,0,1,0,0,0,0,0,0,0,0,0,0,0,0,0,0,0,0
进入,0,0,0,0,0,0,0,0,0,0,0,0,0,0,3,0,0,0,0,0
驱散,0,0,0,0,0,0,0,0,0,0,0,0,0,0,0,0,1,0,0,0
诉讼,0,0,0,0,0,0,0,0,0,0,0,0,0,0,0,0,1,0,0,0
讨论,0,0,1,3,0,0,0,0,0,0,0,0,0,0,0,0,0,0,0,0
合研,0,0,0,0,0,2,0,0,0,0,0,0,0,0,0,0,0,0,0,0
集会,0,0,0,0,0,0,0,0,0,0,0,0,0,5,0,0,0,0,0,0
发难,0,0,0,0,0,0,0,0,0,0,0,0,1,0,0,0,0,0,0,0
承认,7,0,0,0,0,0,0,0,0,0,0,0,0,0,0,0,0,0,0,0
控诉,0,0,0,0,0,0,0,0,0,0,2,0,0,0,0,0,0,0,0,0
声援,0,0,0,0,0,0,1,0,0,0,0,0,0,0,0,0,0,0,0,0
透露,1,0,0,0,0,0,0,0,0,0,0,0,0,0,0,0,0,0,0,0
重申,1,0,0,0,0,0,0,0,0,0,0,0,0,0,0,0,0,0,0,0
答问,2,0,0,0,0,0,0,0,0,0,0,0,0,0,0,0,0,0,0,0
游行,0,0,0,0,0,0,0,0,0,0,0,0,0,4,0,0,0,0,0,0
监视,0,0,0,0,0,0,0,0,0,0,0,0,4,0,0,0,0,0,0,0
确保,1,0,0,0,0,0,0,0,0,0,0,0,0,0,0,0,0,0,0,0
起诉,0,0,0,0,0,0,0,0,0,0,2,0,0,0,0,0,0,0,0,0
开启,0,0,0,0,0,0,0,0,0,0,0,0,0,0,1,0,0,0,0,0
拦住,0,0,0,0,0,0,0,0,0,0,0,0,0,0,0,0,1,0,0,0
求购,0,1,0,0,0,0,0,0,0,0,0,0,0,0,0,0,0,0,0,0
挑战,0,0,0,0,0,0,0,0,0,0,0,0,2,0,0,0,0,0,0,0
封锁,0,0,0,0,0,0,0,0,0,0,0,0,0,0,0,0,3,0,0,0
占领,0,0,0,0,0,0,0,0,0,0,0,0,0,0,0,0,0,1,0,0
购,0,0,6,0,0,2,0,0,0,0,0,0,0,0,0,0,0,0,0,0
售,0,0,0,0,0,1,0,0,0,0,0,0,0,0,0,0,0,0,0,0
海试,0,0,0,0,0,0,0,0,0,0,0,0,0,0,1,0,0,0,0,0
击毙,0,0,0,0,0,0,0,0,0,0,0,0,0,0,0,0,0,0,2,0
示弱,0,0,0,0,0,0,0,1,0,0,0,0,0,0,0,0,0,0,0,0
援助,0,0,0,0,0,0,5,0,0,0,0,0,0,0,0,0,0,0,0,0
蓄势待发,0,0,0,0,0,0,0,0,0,0,0,0,0,0,1,0,0,0,0,0
推迟,0,0,0,0,0,0,0,1,0,0,0,0,0,0,0,2,0,0,0,0
派,0,0,0,0,0,0,2,0,0,0,1,0,0,0,0,0,0,0,0,0
缓解,0,0,0,0,0,0,1,0,0,0,0,0,0,0,0,0,0,0,0,0
展开,0,0,1,0,0,0,0,0,1,0,0,0,0,2,0,0,0,0,0,0
制裁,0,0,1,0,0,0,0,0,0,0,0,0,1,0,0,14,2,0,0,0
加快,0,0,0,0,0,1,0,0,0,0,0,0,0,0,0,0,0,0,0,0
试验,0,0,0,0,0,0,0,0,0,0,0,0,0,0,3,0,0,0,0,0
道歉,1,0,0,0,3,0,0,0,0,0,0,0,0,0,0,0,0,0,0,0
配备,0,0,0,0,0,0,0,0,0,0,0,0,0,0,1,0,0,0,0,0
配,0,0,0,0,0,0,0,0,0,0,0,0,0,0,1,0,0,0,0,0
远离,0,0,0,0,0,0,0,0,0,0,0,0,0,0,0,1,0,0,0,0
突访,0,0,0,1,0,0,0,0,0,0,0,0,0,0,0,0,0,0,0,0
不谋求,0,0,0,0,0,0,0,0,0,0,0,1,0,0,0,0,0,0,0,0
遇袭,0,0,0,0,0,0,0,0,0,0,0,0,0,0,0,0,0,1,0,0
捐助,0,0,0,0,0,0,1,0,0,0,0,0,0,0,0,0,0,0,0,0
承诺,1,0,0,0,0,0,0,0,0,0,0,0,0,0,0,0,0,0,0,0
扶植,0,0,0,0,0,0,1,0,0,0,0,0,0,0,0,0,0,0,0,0
干涉,0,0,0,0,0,0,0,0,0,0,0,0,0,0,0,0,2,0,0,0
折磨,0,0,0,0,0,0,0,0,0,0,0,0,0,0,0,0,0,1,0,0
改革,0,0,0,0,0,0,0,2,0,0,0,0,0,0,0,0,0,0,0,0
携手,0,0,0,0,0,2,0,0,0,0,0,0,0,0,0,0,0,0,0,0
赞,0,0,0,0,2,0,0,0,0,0,0,0,0,0,0,0,0,0,0,0
开展,1,0,0,0,0,0,0,0,0,0,0,0,0,0,0,0,0,0,0,0
称赞,0,0,0,0,3,0,0,0,0,0,0,0,0,0,0,0,0,0,0,0
施压,0,0,0,0,0,0,0,0,0,0,0,0,1,0,0,0,0,0,0,0
喝彩,1,0,0,0,0,0,0,0,0,0,0,0,0,0,0,0,0,0,0,0
介绍,1,0,0,0,0,0,0,0,0,0,0,0,0,0,0,0,0,0,0,0
降温,0,0,0,0,0,0,0,1,0,0,0,0,0,0,0,0,0,0,0,0
赴,0,0,0,1,0,0,0,0,0,0,0,0,0,0,0,0,0,0,0,0
质疑,2,0,0,0,0,0,0,0,0,0,2,0,0,0,0,0,0,0,0,0
鼓舞,1,0,0,0,0,0,0,0,0,0,0,0,0,0,0,0,0,0,0,0
撤军,0,0,0,0,0,0,0,8,0,0,0,0,0,0,0,0,0,0,0,0
空袭,0,0,0,0,0,0,0,0,0,0,0,0,0,0,0,0,0,1,12,0
建港口,0,0,0,0,0,1,0,0,0,0,0,0,0,0,0,0,0,0,0,0
并购,0,0,0,0,0,1,0,0,0,0,0,0,0,0,0,0,0,0,0,0
驳斥,0,0,0,0,0,0,0,0,0,0,2,0,0,0,0,0,0,0,0,0
使用,1,0,0,0,0,0,0,0,0,0,0,0,0,0,0,0,0,0,0,2
列装,0,0,0,0,0,0,0,0,0,0,0,0,0,0,3,0,0,0,0,0
保释,0,0,0,0,0,0,0,1,0,0,0,0,0,0,0,0,0,0,0,0
令人担忧,0,0,0,0,0,0,0,0,0,0,1,0,0,0,0,0,0,0,0,0
放弃,0,0,0,0,0,0,0,2,0,0,0,0,0,0,0,1,0,0,0,0
攻占,0,0,0,0,0,0,0,0,0,0,0,0,0,0,0,0,0,0,1,0
控告,0,0,0,0,0,0,0,0,0,0,1,0,0,0,0,0,0,0,0,0
领先,0,0,0,0,0,0,0,0,0,0,0,0,0,0,1,0,0,0,0,0
窥探,0,0,0,0,0,0,0,0,0,0,0,0,1,0,0,0,0,0,0,0
淘汰,0,0,0,0,0,0,0,0,0,0,0,0,0,0,0,1,0,0,0,0
破坏,0,0,0,0,0,0,0,0,0,0,0,0,0,0,0,1,0,1,0,0
挑事,0,0,0,0,0,0,0,0,0,0,0,0,2,0,0,0,0,0,0,0
怀疑,0,0,0,0,0,0,0,0,0,0,1,0,0,0,0,0,0,0,0,0
猜测,1,0,0,0,0,0,0,0,0,0,0,0,0,0,0,0,0,0,0,0
婉拒,0,0,0,0,0,0,0,0,0,0,0,1,0,0,0,0,0,0,0,0
对突,0,0,0,0,0,0,0,0,0,0,0,1,0,1,0,0,0,0,0,0
击落,0,0,0,0,0,0,0,0,0,0,0,0,0,0,0,0,0,1,3,0
落幕,1,0,0,0,0,0,0,0,0,0,0,0,0,0,0,0,0,0,0,0
军援,0,0,0,0,0,0,2,0,0,0,0,0,0,0,0,0,0,0,0,0
动武,0,0,0,0,0,0,0,0,0,0,0,0,0,0,0,0,0,0,2,0
警告,0,0,0,0,0,0,0,0,0,0,0,0,12,0,0,0,1,0,0,0
对抗,0,0,0,0,0,0,0,0,0,0,1,0,1,0,0,0,0,0,0,0
隔离,0,0,0,0,0,0,0,0,0,0,0,0,0,0,0,0,1,0,0,0
不反对,1,0,0,0,0,0,0,0,0,0,0,0,0,0,0,0,0,0,0,0
劫持,0,0,0,0,0,0,0,0,0,0,0,0,0,0,0,0,1,0,0,0
入驻,0,0,0,0,0,0,0,0,0,0,0,0,0,0,2,0,0,0,0,0
窃取,0,0,0,0,0,0,0,0,0,0,0,0,0,0,0,0,0,1,0,0
扩建,0,0,0,0,0,0,0,0,0,0,0,0,0,0,1,0,0,0,0,0
演习,0,0,0,0,0,0,0,0,0,0,0,0,0,0,15,0,0,0,0,0
表示,1,0,0,0,0,0,0,0,0,0,0,0,0,0,0,0,0,0,0,0
举行,6,0,0,2,0,0,0,0,0,0,0,0,0,2,3,0,0,0,0,0
反对,0,0,0,0,0,0,0,0,0,0,1,0,0,5,0,0,0,0,0,0
提供,0,0,0,0,0,0,14,0,0,0,0,0,0,0,0,0,0,0,0,0
恐吓,0,0,0,0,0,0,0,0,0,0,0,0,1,0,0,0,0,0,0,0
增加,0,0,0,0,0,0,1,0,0,0,0,0,0,0,2,0,0,0,0,0
改进,0,0,0,0,0,0,0,0,0,0,0,0,0,0,1,0,0,0,0,0
护送,0,0,0,0,0,0,1,0,0,0,0,0,0,0,0,0,0,0,0,0
提议,0,0,0,1,0,0,0,0,0,0,0,0,0,0,0,0,0,0,0,0
实施,1,0,0,0,0,0,0,0,0,0,0,0,0,0,0,1,1,0,1,0
磋商,0,0,0,5,0,0,0,0,0,0,0,0,0,0,0,0,0,0,0,0
质问,0,0,0,0,0,0,0,0,0,0,1,0,0,0,0,0,0,0,0,0
掌握,1,0,0,0,0,0,0,0,0,0,0,0,0,0,0,0,0,0,0,0
撤出,0,0,0,0,0,0,0,1,0,0,0,0,0,0,0,0,0,0,0,0
订购,0,0,0,0,0,1,0,0,0,0,0,0,0,0,0,0,0,0,0,0
叫停,0,0,0,0,0,0,0,0,0,0,1,0,0,0,0,0,0,0,0,0
突破,0,0,0,0,0,0,0,0,0,0,0,0,0,0,1,0,0,0,0,0
地震,2,0,0,0,0,0,0,0,0,0,0,0,0,0,0,0,0,0,0,0
关注,1,0,0,0,0,0,0,0,0,0,0,0,0,0,0,0,0,0,0,0
击沉,0,0,0,0,0,0,0,0,0,0,0,0,0,0,0,0,0,3,3,0
鼓动,0,2,0,0,0,0,0,0,0,0,0,0,0,0,0,0,0,0,0,0
披露,3,0,0,0,0,0,0,0,0,0,0,0,0,0,0,0,0,0,0,0
致慰,0,0,0,0,1,0,0,0,0,0,0,0,0,0,0,0,0,0,0,0
盛赞,0,0,0,0,2,0,0,0,0,0,0,0,0,0,0,0,0,0,0,0
会见,0,0,0,12,0,0,0,0,0,0,0,0,0,0,0,0,0,0,0,0
闯,0,0,0,0,0,0,0,0,0,0,0,0,0,0,0,0,7,1,0,0
称,35,0,1,0,0,0,0,0,0,0,0,0,0,0,0,0,0,0,0,0
展现,0,0,0,0,0,0,0,0,0,0,0,0,0,0,1,0,0,0,0,0
遭袭,0,0,0,0,0,0,0,0,0,0,0,0,0,0,0,0,0,1,0,0
对付,0,0,0,0,0,0,0,0,0,0,0,0,3,1,0,0,0,0,1,0
鸣枪,0,0,0,0,0,0,0,0,0,0,0,0,1,0,0,0,0,0,0,0
带来,0,0,0,0,0,0,1,0,0,0,0,0,0,0,0,0,0,0,0,0
转运,0,0,0,0,0,0,1,0,0,0,0,0,0,0,0,0,0,0,0,0
备战,0,0,0,0,0,0,0,0,0,0,0,0,0,0,1,0,0,0,0,0
被夺,0,0,0,0,0,0,0,0,0,0,0,0,0,0,0,0,2,0,0,0
服役,0,0,0,0,0,0,0,0,0,0,0,0,0,0,2,0,0,0,0,0
曝光,4,0,0,0,0,0,0,0,0,0,0,0,0,0,0,0,0,0,0,0
恶心,0,0,0,0,0,0,0,0,0,0,1,0,0,0,0,0,0,0,0,0
被赞,0,0,0,0,1,0,0,0,0,0,0,0,0,0,0,0,0,0,0,0
达成,0,0,0,0,8,0,0,0,0,0,0,0,0,0,0,0,0,0,0,0
亮相,1,0,0,0,0,0,0,0,0,0,0,0,0,0,0,0,0,0,0,0
打击,0,0,0,0,0,0,0,0,0,0,0,0,1,0,0,0,0,0,13,0
炸毁,0,0,0,0,0,0,0,0,0,0,0,0,0,0,0,0,0,3,0,0
不赞成,0,0,0,0,0,0,0,0,0,0,3,0,0,0,0,0,0,0,0,0
校阅,0,0,0,0,0,0,0,0,0,0,0,0,0,0,1,0,0,0,0,0
融合,0,0,0,0,0,0,0,0,0,0,0,0,0,0,1,0,0,0,0,0
禁止,0,0,0,0,0,0,0,0,0,0,0,0,0,0,0,0,1,0,0,0
进驻,0,0,0,0,0,0,0,0,0,0,0,0,0,0,4,0,0,0,0,0
暂停,0,0,0,0,0,0,0,0,0,0,0,0,0,0,0,2,0,0,0,0
闭幕,1,0,0,0,0,0,0,0,0,0,0,0,0,0,0,0,0,0,0,0
首飞,0,0,0,0,0,0,0,0,0,0,0,0,0,0,1,0,0,0,0,0
解析,1,0,0,0,0,0,0,0,0,0,0,0,0,0,0,0,0,0,0,0
公布,7,0,0,0,0,0,0,0,0,0,0,0,0,0,0,0,0,0,0,0
访问,0,0,0,10,1,0,0,0,0,0,0,0,0,0,0,0,0,0,0,0
演练,0,0,0,0,0,0,0,0,0,0,0,0,0,0,5,0,0,0,0,0
恳求,0,1,0,0,0,0,0,0,0,0,0,0,0,0,0,0,0,0,0,0
点评,1,0,0,0,0,0,0,0,0,0,0,0,0,0,0,0,0,0,0,0
反恐,0,0,0,0,0,0,0,0,0,0,0,0,0,0,1,0,0,0,0,0
严控,0,0,0,0,0,0,0,0,0,0,0,0,0,0,0,0,1,0,0,0
约谈,0,0,0,1,0,0,0,0,0,0,0,0,0,0,0,0,0,0,0,0
抵制,0,0,0,0,0,0,0,0,0,0,0,0,0,2,0,0,0,0,0,0
帮,0,0,0,0,0,1,0,0,0,0,0,0,0,0,0,0,0,0,0,0
加装,0,0,0,0,0,0,0,0,0,0,0,0,0,0,1,0,0,0,0,0
帮助,0,0,0,0,0,0,1,0,0,0,0,0,0,0,0,0,0,0,0,0
填充,0,0,0,0,0,0,0,0,0,0,0,0,0,0,0,0,0,1,0,0
研发,0,0,0,0,0,0,0,0,0,0,0,0,0,0,3,0,0,0,0,0
放宽,0,0,0,0,0,0,0,1,0,0,0,0,0,0,0,0,0,0,0,0
转向,0,0,0,0,0,0,0,0,0,0,0,0,0,0,0,1,0,0,0,0
开放,0,0,0,0,0,1,0,0,0,0,0,0,0,0,0,0,0,0,0,0
作战,0,0,0,0,0,0,0,0,0,0,0,0,0,0,1,0,0,0,2,0
阻,0,0,0,0,0,0,0,0,0,0,1,0,0,0,0,0,0,0,0,0
抓扣,0,0,0,0,0,0,0,0,0,0,0,0,0,0,0,0,1,0,0,0
接收,0,0,0,0,0,0,0,3,0,0,0,0,0,0,0,0,0,0,0,0
警惕,0,0,0,0,0,0,0,0,0,0,0,0,1,0,0,0,0,0,0,0
维护,2,0,0,0,0,0,0,0,0,0,0,0,0,0,0,0,0,0,0,0
突袭,0,0,0,0,0,0,0,0,0,0,0,0,0,0,0,0,0,1,0,0
满意,1,0,0,0,0,0,0,0,0,0,0,0,0,0,0,0,0,0,0,0
拒绝,0,0,0,0,0,0,0,0,0,0,0,12,0,0,0,0,0,0,0,0
否决,0,0,0,0,0,0,0,0,0,0,0,1,0,0,0,0,0,0,0,0
参观,0,0,0,0,1,0,0,0,0,0,0,0,0,0,0,0,0,0,0,0
交火,0,0,0,0,0,0,0,0,0,0,0,0,0,0,0,0,0,1,0,0
恐袭,0,0,0,0,0,0,0,0,0,0,0,0,0,0,0,0,0,5,0,0
调解,0,1,0,0,0,0,0,0,0,0,0,0,0,0,0,0,0,0,0,0
供应,0,0,0,0,0,0,2,0,0,0,0,0,0,0,0,0,0,0,0,0
推销,0,0,2,0,0,0,0,0,0,0,0,0,0,0,0,0,0,0,0,0
激战,0,0,0,0,0,0,0,0,0,0,0,0,0,0,0,0,0,0,4,0
发射,0,0,0,0,0,0,0,0,0,0,0,0,0,0,17,0,0,0,0,0
建成,0,0,0,0,0,0,0,0,0,0,0,0,0,0,2,0,0,0,0,0
挣脱,0,0,0,0,0,0,0,0,0,0,0,0,0,0,0,1,0,0,0,0
解读,2,0,0,0,0,0,0,0,0,0,0,0,0,0,0,0,0,0,0,0
牵制,1,0,0,0,0,0,0,0,0,0,0,0,1,0,0,0,0,0,0,0
买,0,0,0,0,0,1,0,0,0,0,0,0,0,0,0,0,0,0,0,0
将见,0,0,0,0,1,0,0,0,0,0,0,0,0,0,0,0,0,0,0,0
驳,0,0,0,0,0,0,0,0,0,0,1,0,0,0,0,0,0,0,0,0
批,2,0,0,0,0,0,0,0,0,0,6,0,0,0,0,0,0,0,0,0
驻,0,0,0,0,0,0,0,0,0,0,0,0,0,0,1,0,0,0,0,0
试探,0,0,0,0,0,0,0,0,0,0,0,0,1,0,0,0,0,0,0,0
射击,0,0,0,0,0,0,0,0,0,0,0,0,0,0,0,0,0,1,0,0
不满,0,0,0,0,0,0,0,0,0,0,4,0,0,0,0,0,0,0,0,0
出售,0,0,4,0,0,0,0,0,0,0,0,0,0,0,0,0,0,0,0,0
奉劝,0,0,0,0,0,0,0,0,0,0,0,0,1,0,0,0,0,0,0,0
会晤,0,0,0,1,0,0,0,0,0,0,0,0,0,0,0,0,0,0,0,0
冲击,0,0,0,0,0,0,0,0,0,0,0,0,0,1,0,0,0,0,0,0
希望,0,3,0,0,0,0,0,0,0,0,0,0,0,0,0,0,0,0,0,0
纪念,2,0,0,0,0,0,0,0,0,0,0,0,0,0,0,0,0,0,0,0
变卦,0,0,0,0,0,0,0,0,0,0,0,0,0,0,0,1,0,0,0,0
爆发,0,0,0,0,0,0,0,0,0,0,0,0,0,0,0,0,0,0,1,1
卸任,0,0,0,0,0,0,0,0,0,0,0,0,0,0,0,1,0,0,0,0
停止,0,0,0,0,0,0,0,2,0,0,0,0,0,0,0,0,0,0,0,0
面见,0,0,0,1,0,0,0,0,0,0,0,0,0,0,0,0,0,0,0,0
核试,0,0,0,0,0,0,0,0,0,0,0,0,0,0,1,0,0,0,0,0
驻军,0,0,0,0,0,0,0,0,0,0,0,0,0,0,1,0,0,0,0,0
收复,0,0,0,0,0,0,0,0,0,0,0,0,0,0,0,0,0,0,2,0
水火不容,0,0,0,0,0,0,0,0,0,0,0,0,0,0,0,1,0,0,0,0
允许,0,0,0,0,0,0,0,1,0,0,0,0,0,0,0,0,0,0,0,0
放逐,0,0,0,0,0,0,0,0,0,0,0,0,0,0,0,0,1,0,0,0
落网,0,0,0,0,0,0,0,0,0,0,0,0,0,0,0,0,2,0,0,0
审判,0,0,0,0,0,0,0,0,0,0,0,0,0,0,0,0,1,0,0,0
忌惮,1,0,0,0,0,0,0,0,0,0,0,0,0,0,0,0,0,0,0,0
锁定,0,0,0,0,0,0,0,0,1,0,0,0,0,0,0,0,0,0,0,0
爆炸案,0,0,0,0,0,0,0,0,0,0,0,0,0,0,0,0,0,1,0,0
出兵,0,0,0,0,0,0,0,0,0,0,0,0,0,0,2,0,0,0,0,0
汽车炸弹,0,0,0,0,0,0,0,0,0,0,0,0,0,0,0,0,0,1,0,0
成立,1,0,0,0,0,0,0,0,0,0,0,0,0,0,1,0,0,0,0,0
入役,0,0,0,0,0,0,0,0,0,0,0,0,0,0,1,0,0,0,0,0
给予,0,0,0,0,0,0,1,0,0,0,0,0,0,0,0,0,0,0,0,0
强拉,0,0,0,0,0,0,0,0,0,0,0,0,0,0,0,0,1,0,0,0
强拆,0,0,0,0,0,0,0,0,0,0,0,0,0,0,0,0,1,0,0,0
被判,0,0,0,0,0,0,0,0,0,0,0,0,0,0,0,0,2,0,0,0
归还,0,0,0,0,0,0,0,1,0,0,0,0,0,0,0,0,0,0,0,0
宣布,7,0,0,0,0,0,0,0,0,0,0,0,0,0,0,0,0,0,0,0
罢工,0,0,0,0,0,0,0,0,0,0,0,0,0,2,0,0,0,0,0,0
暗批,1,0,0,0,0,0,0,0,0,0,0,0,0,0,0,0,0,0,0,0
拒,0,0,0,0,0,0,0,0,0,0,0,6,0,0,0,0,0,0,0,0
俘获,0,0,0,0,0,0,0,0,0,0,0,0,0,0,0,0,1,0,0,0
延缓,0,0,0,0,0,0,0,0,0,0,0,0,0,0,0,1,0,0,0,0
撰文,1,0,0,0,0,0,0,0,0,0,0,0,0,0,0,0,0,0,0,0
曝,5,0,0,0,0,0,0,0,0,0,0,0,0,0,0,0,0,0,0,0
试射,0,0,0,0,0,0,0,0,0,0,0,0,0,0,5,0,0,0,0,0
号召,0,1,0,0,0,0,0,0,0,0,0,0,0,0,0,0,0,0,0,0
派遣,0,0,0,0,0,0,2,0,0,0,0,0,0,0,1,0,0,0,0,0
宣判,0,0,0,0,0,0,0,0,0,0,0,0,0,0,0,0,1,0,0,0
威胁,1,0,0,0,0,0,0,0,0,0,0,0,12,0,0,0,0,0,0,0
屠杀,0,0,0,0,0,0,0,0,0,0,0,0,0,0,0,0,0,0,0,2
纪行,0,0,0,1,0,0,0,0,0,0,0,0,0,0,0,0,0,0,0,0
感谢,0,0,0,0,1,0,0,0,0,0,0,0,0,0,0,0,0,0,0,0
指责,0,0,0,0,0,0,0,0,0,0,7,0,0,1,0,0,0,0,0,0
要求,0,0,0,0,0,0,0,0,0,8,0,0,0,0,0,0,0,0,0,0
购买,0,0,4,0,0,2,0,0,0,0,0,0,0,0,0,0,0,0,0,0
追杀,0,0,0,0,0,0,0,0,0,0,0,0,0,0,0,0,0,0,2,0
扫射,0,0,0,0,0,0,0,0,0,0,0,0,0,0,0,0,0,1,0,0
入侵,0,0,0,0,0,0,0,0,0,0,0,0,0,0,0,0,0,2,0,0
建,0,0,0,0,0,0,0,0,0,0,0,0,0,0,1,0,0,0,0,0
不喜欢,0,0,0,0,0,0,0,0,0,0,1,0,0,0,0,0,0,0,0,0
袭击,0,0,0,0,0,0,0,0,0,0,0,0,0,0,0,0,0,12,3,1
通过,2,0,0,0,0,0,0,0,0,0,0,0,0,0,0,0,0,0,0,0
炮击,0,0,0,0,0,0,0,0,0,0,0,0,0,0,0,0,0,0,1,0
冲突,0,0,0,0,0,0,0,0,0,0,0,0,0,1,0,0,1,1,0,0
骚扰,0,0,0,0,0,0,0,0,0,0,0,0,2,0,0,0,0,1,0,0
静坐,0,0,0,0,0,0,0,0,0,0,0,0,0,1,0,0,0,0,0,0
指,1,0,0,0,0,0,0,0,0,0,0,0,0,0,0,0,0,0,0,0
缉,0,0,0,0,0,0,0,0,0,0,0,0,0,0,0,0,1,0,0,0
绑架,0,0,0,0,0,0,0,0,0,0,0,0,0,0,0,0,0,1,0,0
声称,3,0,0,0,0,0,0,0,0,0,0,0,0,0,0,0,0,0,0,0
谈判,0,0,0,1,1,0,0,0,0,0,0,0,0,0,0,0,0,0,0,0
呼吁,0,8,0,0,0,0,0,0,0,0,0,0,0,0,0,0,0,0,0,0
敦促,0,3,0,0,0,0,0,0,0,0,0,0,0,0,0,0,0,0,0,0
参加,2,0,0,0,0,1,0,0,0,0,0,0,0,0,0,0,0,0,0,0
不安,0,0,0,0,0,0,0,0,0,0,0,0,2,0,0,0,0,0,0,0
媲美,0,0,0,0,0,0,0,0,0,0,0,0,0,0,1,0,0,0,0,0
最后通牒,0,0,0,0,0,0,0,0,0,1,0,0,1,0,0,0,0,0,1,0
：,139,0,1,0,0,0,0,0,0,0,0,0,0,0,0,0,0,0,0,0
建立,0,0,0,0,1,0,0,0,0,0,0,0,0,0,1,0,0,0,0,0
望,0,1,0,0,0,0,0,0,0,0,0,0,0,0,0,0,0,0,0,0
练兵,0,0,0,0,0,0,0,0,0,0,0,0,0,0,1,0,0,0,0,0
公开,1,0,0,0,0,0,0,0,0,0,0,0,0,0,0,0,0,0,0,0
商议,0,0,0,1,0,0,0,0,0,0,0,0,0,0,0,0,0,0,0,0
登陆,0,0,0,0,0,0,0,0,0,0,0,0,0,0,1,0,0,0,0,0
商讨,0,0,0,2,0,0,0,0,0,0,0,0,0,0,0,0,0,0,0,0
敲打,0,0,0,0,0,0,0,0,0,0,1,0,0,0,0,0,0,0,0,0
抓捕,0,0,0,0,0,0,0,0,0,0,0,0,0,0,0,0,1,0,0,0
震慑,0,0,0,0,0,0,0,0,0,0,0,0,2,0,1,0,0,0,0,0
请求,0,3,0,0,0,0,0,0,0,0,0,0,0,0,0,0,0,0,0,0
集结兵力,0,0,0,0,0,0,0,0,0,0,0,0,0,0,1,0,0,0,0,0
撞向,0,0,0,0,0,0,0,0,0,0,0,0,0,0,0,0,0,0,1,0
不打算,0,0,0,0,0,0,0,0,0,0,1,0,0,0,0,0,0,0,0,0
选举,1,0,0,0,0,0,0,0,0,0,0,0,0,0,0,0,0,0,0,0
新建,0,0,0,0,0,0,0,0,0,0,0,0,0,0,1,0,0,0,0,0
扶持,0,0,1,0,0,0,0,0,0,0,0,0,0,0,0,0,0,0,0,0
出击,0,0,0,0,0,0,0,0,0,0,0,0,0,0,0,0,0,0,1,0
转售,0,0,0,0,0,1,0,0,0,0,0,0,0,0,0,0,0,0,0,0
答,1,0,0,0,0,0,0,0,0,0,0,0,0,0,0,0,0,0,0,0
逼退,0,0,0,0,0,0,0,0,0,0,0,0,0,0,0,0,1,0,0,0
引发,0,0,0,0,0,0,0,0,0,0,1,0,0,0,0,0,0,0,0,0
挑衅,0,0,0,0,0,0,0,0,0,0,0,0,2,0,0,0,0,0,0,0
轰炸,0,0,0,0,0,0,0,0,0,0,0,0,0,0,0,0,0,0,3,0
扣留,0,0,0,0,0,0,0,0,0,0,0,0,0,0,0,0,4,0,0,0
推出,1,0,0,0,0,0,0,0,0,0,0,0,0,0,0,0,0,0,0,0
开幕,3,0,0,0,0,0,0,0,0,0,0,0,0,0,0,0,0,0,0,0
控制,0,0,0,0,0,0,0,0,0,0,0,0,0,0,1,0,0,0,0,0
发生,1,0,0,0,0,0,0,0,0,0,0,0,0,0,0,0,0,2,0,0
邀请,0,0,0,0,1,0,0,0,0,0,0,0,0,0,0,0,0,0,0,0
力劝,0,1,0,0,0,0,0,0,0,0,0,0,0,0,0,0,0,0,0,0
判处,0,0,0,0,0,0,0,0,0,0,0,0,0,0,0,0,1,0,0,0
引进,0,0,1,0,0,0,0,0,0,0,0,0,0,0,0,0,0,0,0,0
越过,0,0,0,0,0,0,0,0,0,0,0,0,0,0,0,0,0,1,0,0
严惩,0,0,0,0,0,0,0,0,0,0,0,0,0,0,0,0,1,0,0,0
横行,0,0,0,0,0,0,0,0,0,0,0,0,0,0,0,0,0,1,0,0
狂言,1,0,0,0,0,0,0,0,0,0,0,0,0,0,0,0,0,0,0,0
航行,0,0,0,0,0,0,0,0,0,0,0,0,0,0,1,0,0,0,0,0
祝贺,0,0,0,0,2,0,0,0,0,0,0,0,0,0,0,0,0,0,0,0
出席,1,0,0,0,5,0,0,0,0,0,0,0,0,0,0,0,0,0,0,0
威慑,0,0,0,0,0,0,0,0,0,0,0,0,2,0,0,0,0,0,0,0
回应,24,0,0,0,0,0,0,0,0,0,0,0,0,0,0,0,0,0,0,0
爆炸,0,0,0,0,0,0,0,0,0,0,0,0,0,0,0,0,0,2,0,0
攻克,0,0,0,0,0,0,0,0,0,0,0,0,0,0,0,0,0,0,1,0
警戒,0,0,0,0,0,0,0,0,0,0,0,0,0,0,1,0,0,0,0,0
访华,0,0,0,2,1,0,0,0,0,0,0,0,0,0,0,0,0,0,0,0
谴责,0,0,0,0,0,0,0,0,0,0,3,0,0,0,0,0,0,0,0,0
签,1,0,1,0,2,1,0,0,0,0,0,0,0,0,0,0,0,0,0,0
下水,0,0,0,0,0,0,0,0,0,0,0,0,0,0,3,0,0,0,0,0
被曝,1,0,0,0,0,0,0,0,0,0,0,0,0,0,0,0,0,0,0,0
起航,0,0,0,0,0,0,0,0,0,0,0,0,0,0,1,0,0,0,0,0
打死,0,0,0,0,0,0,0,0,0,0,0,0,0,0,0,0,0,2,1,0
停火,0,0,0,0,0,0,0,4,0,0,0,0,0,0,0,0,0,0,0,0
揭秘,9,0,0,0,0,0,0,0,0,0,0,0,0,0,0,0,0,0,0,0
抓获,0,0,0,0,0,0,0,0,0,0,0,0,0,0,0,0,1,0,0,0
狙杀,0,0,0,0,0,0,0,0,0,0,0,0,0,0,0,0,0,1,0,0
示好,0,0,4,0,0,0,0,0,0,0,0,0,0,0,0,0,0,0,0,0
展示,0,0,0,0,0,0,0,0,0,0,0,0,0,0,4,0,0,0,0,0
突击,0,0,0,0,0,0,0,0,0,0,0,0,0,0,0,0,0,1,0,0
部署,0,0,0,0,0,0,0,0,0,0,0,0,0,0,27,0,0,0,0,0
重获,1,0,0,0,0,0,0,0,0,0,0,0,0,0,0,0,0,0,0,0
参演,0,0,0,0,0,0,0,0,0,0,0,0,0,0,1,0,0,0,0,0
抱怨,0,0,0,0,0,0,0,0,0,0,3,0,0,0,0,0,0,0,0,0
枪击,0,0,0,0,0,0,0,0,0,0,0,0,0,0,0,0,0,2,0,0
赞赏,0,0,0,0,1,0,0,0,0,0,0,0,0,0,0,0,0,0,0,0
救回,0,0,0,0,0,0,2,0,0,0,0,0,0,0,0,0,0,0,0,0
宣,1,0,0,0,0,0,0,0,0,0,0,0,0,0,0,0,0,0,0,0
抵达,0,0,0,1,1,0,0,0,0,0,0,0,0,0,1,0,0,0,0,0
撞沉,0,0,0,0,0,0,0,0,0,0,0,0,0,0,0,0,0,2,0,0
剽窃,0,0,0,0,0,0,0,0,0,0,0,0,1,0,0,0,0,0,0,0
驱逐,0,0,0,0,0,0,0,0,0,0,0,0,0,0,0,1,2,0,0,0
寻求,0,1,0,0,0,0,0,0,0,0,0,0,0,0,0,0,0,0,0,0
重返,0,0,0,0,0,0,0,2,0,0,0,0,0,0,0,0,0,0,0,0
试飞,0,0,0,0,0,0,0,0,0,0,0,0,0,0,6,0,0,0,0,0
签署,0,0,1,0,2,0,0,0,0,0,0,0,0,0,0,0,0,0,0,0
遭批,0,0,0,0,0,0,0,0,0,0,1,0,0,0,0,0,0,0,0,0
支持,0,0,0,0,5,0,0,0,0,0,0,0,0,0,0,0,0,0,0,0
设,0,0,0,0,0,0,1,0,0,0,0,0,0,0,1,0,0,0,0,0
访,0,0,0,12,1,0,0,0,0,0,0,0,0,0,0,0,0,0,0,0
进行,0,0,0,1,0,0,0,0,0,0,0,0,0,0,1,0,0,1,0,1
嘲讽,0,0,0,0,0,0,0,0,0,0,1,0,0,0,0,0,0,0,0,0
彻查,0,0,0,0,0,0,0,0,1,0,0,0,0,0,0,0,0,0,0,0
毁,0,0,0,0,0,0,0,0,0,0,0,0,0,0,0,0,0,1,0,0
禁售,0,0,0,0,0,0,0,0,0,0,0,2,0,0,0,1,0,0,0,0
促,0,1,0,0,0,0,0,0,0,0,0,0,0,0,0,0,0,0,0,0
遣返,0,0,0,0,0,0,0,1,0,0,0,0,0,0,0,0,0,0,0,0
建厂,0,0,1,0,0,0,0,0,0,0,0,0,0,0,0,0,0,0,0,0
抛弃,0,0,0,0,0,0,0,0,0,0,0,0,0,0,0,1,0,0,0,0
评,2,0,0,0,0,0,0,0,0,0,0,0,0,0,0,0,0,0,0,0
反击,0,0,0,0,0,0,0,0,0,0,0,0,0,0,0,0,0,0,1,0
缩减,0,0,0,0,0,0,0,0,0,0,0,0,0,0,0,1,0,0,0,0
抛开,0,0,0,0,0,0,0,0,0,0,0,0,0,0,0,1,0,0,0,0
围堵,0,0,0,0,0,0,0,0,0,0,0,0,1,0,0,0,0,0,0,0
行动,0,0,0,0,0,0,0,0,0,0,0,0,0,0,1,0,0,0,0,0
迫降,0,0,0,0,0,0,0,0,0,0,0,0,0,0,0,0,1,0,0,0
缓和,0,0,0,0,0,0,0,1,0,0,0,0,0,0,0,0,0,0,0,0
争夺,0,0,0,0,0,0,0,0,0,0,0,0,0,0,0,1,0,0,0,0
实现,0,0,0,0,0,0,0,0,0,0,0,0,0,0,1,0,0,0,0,0
损坏,0,0,0,0,0,0,0,0,0,0,0,0,0,0,0,0,0,1,0,0
指出,1,0,0,0,0,0,0,0,0,0,0,0,0,0,0,0,0,0,0,0
出动,0,0,0,0,0,0,0,0,0,0,0,0,0,0,2,0,0,0,0,0
激辩,0,0,0,0,0,0,0,0,0,0,1,0,0,0,0,0,0,0,0,0
无视,0,0,0,0,0,0,0,0,0,0,0,1,0,0,0,0,0,0,0,0
签订,0,0,0,0,2,0,0,0,0,0,0,0,0,0,0,0,0,0,0,0
证实,3,0,0,0,0,0,0,0,0,0,0,0,0,0,0,0,0,0,0,0
遣送,0,0,0,0,0,0,0,1,0,0,0,0,0,0,0,0,0,0,0,0
应对,2,0,0,0,0,0,0,0,0,0,0,0,0,0,1,0,0,0,0,0
不会理会,0,0,0,0,0,0,0,0,0,0,0,1,0,0,0,0,0,0,0,0
介入,0,0,0,0,0,0,0,0,0,0,0,0,0,0,0,0,2,0,0,0
说,2,0,0,0,0,0,0,0,0,0,0,0,0,0,0,0,0,0,0,0
拒回答,0,0,0,0,0,0,0,0,0,0,0,1,0,0,0,0,0,0,0,0
建议,0,5,0,3,0,0,0,0,0,0,0,0,0,0,0,0,0,0,0,0
捐资,0,0,0,0,0,0,1,0,0,0,0,0,0,0,0,0,0,0,0,0
抗议,0,0,0,0,0,0,0,0,0,0,0,0,0,8,0,0,0,0,0,0
交战,0,0,0,0,0,0,0,0,0,0,0,0,0,0,0,0,0,0,4,0
